option = {
    xAxis: {
        min: -125,
        max: -115
    },
    yAxis: {
        min: 220000,
        max: 210000,
        type: 'value'
    },
    series: [{
        data: [[-122.47, 217529.00924357667], [-122.41545454545455, 217473.14522961996], [-122.36090909090909, 217417.28142694262], [-122.30636363636364, 217361.419053384], [-122.25181818181818, 217305.5574726676], [-122.19727272727273, 217249.6967098975], [-122.14272727272727, 217193.8363384225], [-122.08818181818182, 217137.97618619908], [-122.03363636363636, 217082.11698308462], [-121.97909090909091, 217026.25815668274], [-121.92454545454545, 216970.3992958202], [-121.87, 216914.54079205138], [-121.81545454545454, 216858.6826285255], [-121.7609090909091, 216802.82500724497], [-121.70636363636363, 216746.96787467404], [-121.65181818181819, 216691.11227259313], [-121.59727272727272, 216635.25783923952], [-121.54272727272728, 216579.40506427898], [-121.48818181818181, 216523.55240430598], [-121.43363636363637, 216467.69953848864], [-121.3790909090909, 216411.84838512217], [-121.32454545454546, 216355.9983208615], [-121.27, 216300.1517732062], [-121.21545454545455, 216244.30698500152], [-121.16090909090909, 216188.46314639112], [-121.10636363636364, 216132.62015870158], [-121.05181818181818, 216076.7774576195], [-120.99727272727273, 216020.9358255386], [-120.94272727272727, 215965.09454288034], [-120.88818181818182, 215909.25246554066], [-120.83363636363636, 215853.411132176], [-120.77909090909091, 215797.56939804612], [-120.72454545454545, 215741.72852788962], [-120.67, 215685.88945509953], [-120.61545454545454, 215630.05120539275], [-120.56090909090909, 215574.21382430525], [-120.50636363636363, 215518.3779231037], [-120.45181818181818, 215462.54309776952], [-120.39727272727272, 215406.7082252619], [-120.34272727272727, 215350.87349215627], [-120.28818181818181, 215295.0393953842], [-120.23363636363636, 215239.20793587525], [-120.1790909090909, 215183.37711576774], [-120.12454545454545, 215127.5474411793], [-120.07, 215071.71940572056], [-120.01545454545455, 215015.8926048326], [-119.96090909090908, 214960.06703958035], [-119.90636363636364, 214904.24102012435], [-119.85181818181817, 214848.41569905143], [-119.79727272727273, 214792.5910835725], [-119.74272727272727, 214736.76714281263], [-119.68818181818182, 214680.94366492884], [-119.63363636363636, 214625.1207239729], [-119.57909090909091, 214569.29821970194], [-119.52454545454545, 214513.47653303866], [-119.47, 214457.6558512404], [-119.41545454545454, 214401.83714959645], [-119.36090909090909, 214346.01953963315], [-119.30636363636363, 214290.20255642504], [-119.25181818181818, 214234.38674196613], [-119.19727272727272, 214178.5710175669], [-119.14272727272727, 214122.75659799666], [-119.08818181818181, 214066.943582311], [-119.03363636363636, 214011.13260745964], [-118.9790909090909, 213955.32336302253], [-118.92454545454545, 213899.51703420634], [-118.86999999999999, 213843.71082682462], [-118.81545454545454, 213787.90697904548], [-118.76090909090908, 213732.1041740703], [-118.70636363636363, 213676.3035138762], [-118.65181818181817, 213620.50512269523], [-118.59727272727272, 213564.70971861], [-118.54272727272726, 213508.91673480746], [-118.48818181818181, 213453.12785518164], [-118.43363636363635, 213397.34142321013], [-118.3790909090909, 213341.55629678068], [-118.32454545454544, 213285.7727377507], [-118.27, 213229.99130408466], [-118.21545454545453, 213174.21122487454], [-118.16090909090909, 213118.43269406795], [-118.10636363636362, 213062.65533099097], [-118.05181818181818, 213006.8792819513], [-117.99727272727272, 212951.10453828637], [-117.94272727272727, 212895.33043404488], [-117.8881818181818, 212839.55709715094], [-117.83363636363636, 212783.7851015902], [-117.7790909090909, 212728.01464787242], [-117.72454545454545, 212672.2445462038], [-117.66999999999999, 212616.47531817772], [-117.61545454545454, 212560.70808133655], [-117.56090909090908, 212504.9430145281], [-117.50636363636363, 212449.17914419624], [-117.45181818181817, 212393.41610905482], [-117.39727272727272, 212337.65306985323], [-117.34272727272726, 212281.89098151517], [-117.28818181818181, 212226.12988612714], [-117.23363636363635, 212170.3707568441], [-117.1790909090909, 212114.6130721751], [-117.12454545454545, 212058.85707347345], [-117.07, 212003.10155878696]],
        type: 'line'
    }]
};
